37
97
14
5
44
6
2
76
7
53
72
24
22
66
92
4
96
9
51
10
64
41
94
33
28
61
36
57
57
61
13
28
80
50
23
79
73
69
32
48
11
85
1
70
32
49
37
68
14
29
58
5
98
62
28
49
66
45
17
51
13
53
9
16
49
5
33
3
58
34
16
51
36
78
72
99
65
95
59
92
5
91
44
15
84
0
97
57
49
81
68
45
42
37
82
50
85
22
56
70
4
11
77
25
91
47
48
16
41
93
44
21
27
55
5
33
43
32
51
0
27
30
81
26
45
88
13
13
51
63
60
14
77
31
63
48
65
89
7
36
73
51
96
18
51
9
76
30
72
12
12
56
88
11
84
6
41
60
26
90
94
57
38
59
30
84
70
78
74
14
74
25
72
95
72
60
39
40
63
28
53
56
74
98
73
84
10
92
96
38
86
34
27
76
33
100
77
53
75
20
70
1
78
14
56
86
3
67
12
75
73
61
17
11
27
17
76
2
6
53
76
58
28
49
45
43
66
74
22
10
11
37
61
56
59
43
2
74
33
77
42
94
11
53
99
34
94
94
45
8
30
12
56
44
49
93
25
55
4
97
41
78
16
52
5
52
17
45
19
58
76
26
52
62
9
10
46
10
6
47
24
66
69
15
51
39
69
52
54
32
99
64
89
22
7
45
18
32
91
79
34
100
90
71
7
57
91
32
100
90
100
18
22
99
53
89
83
36
8
92
15
21
44
65
89
62
62
98
5
11
94
94
18
35
15
22
38
81
13
86
45
99
79
44
19
52
38
50
88
75
17
1
1
68
31
57
2
1
13
63
31
70
35
20
46
49
96
93
72
51
84
29
29
24
75
24
90
0
86
42
23
42
89
31
2
15
71
90
4
40
21
40
10
16
27
71
98
75
57
56
45
64
44
46
99
89
65
14
73
30
48
45
33
15
10
33
61
60
81
47
60
80
48
44
24
15
50
34
53
93
13
42
20
18
75
13
49
16
51
29
81
53
100
17
35
79
47
16
58
26
57
41
6
70
68
90
66
26
30
98
84
74
62
98
40
7
88
87
36
69
51
43
15
50
65
12
9
47
16
49
56
95
87
61
2
38
39
51
25
51
89
66
77
93
55
12
88
24
1
2
46
10
83
86
38
14
59
92
96
42
10
1
42
39
7
47
79
72
67
74
14
89
37
86
9
60
7
93
42
43
59
79
98
97
90
50
58
23
78
26
77
75
73
73
15
81
21
5
69
7
22
37
13
81
66
81
18
91
12
2
91
10
49
24
26
86
87
25
40
66
64
52
30
94
81
93
69
31
94
23
97
15
93
3
87
7
2
57
100
31
66
66
77
82
42
16
0
17
35
20
31
0
98
100
46
16
49
64
64
5
23
37
89
70
36
66
20
18
34
10
27
91
23
63
79
41
56
26
76
88
18
100
72
11
50
21
62
30
83
46
43
100
34
8
88
80
55
5
83
32
16
8
89
58
62
21
46
98
100
60
99
87
83
75
58
51
71
64
17
35
82
1
17
79
9
77
71
13
46
33
67
80
95
22
33
22
22
37
65
15
50
48
44
95
97
27
67
44
59
99
14
11
77
7
93
20
0
63
72
20
39
90
91
19
21
32
57
81
53
69
91
100
57
58
65
96
31
41
13
24
51
31
29
1
39
88
71
86
19
82
31
50
93
58
97
78
70
59
87
61
79
75
0
99
82
95
73
7
73
15
68
67
71
5
11
80
87
35
65
48
100
70
89
59
87
40
9
7
64
14
82
28
33
13
13
9
90
28
83
11
90
39
51
89
84
89
13
24
59
2
83
94
25
58
34
36
52
38
19
30
5
32
31
19
53
75
56
32
68
37
69
6
81
84
53
4
42
86
79
50
59
32
87
47
14
45
57
65
41
11
13
23
44
43
44
52
46
80
40
91
22
65
39
11
87
54
73
38
80
36
51
31
10
49
91
33
66
78
97
28
66
92
34
48
67
43
3
75
2
75
11
81
13
93
61
78
60
84
6
29
36
62
36
63
31
11
6
14
39
27
5
60
53
43
59
91
51
63
79
12
43
12
88
20
18
82
61
64
100
6
75
42
29
62
42
16
30
5
11
68
59
45
27
84
99
59
50
94
55
87
59
54
30
44
52
43
36
88
13
59
86
2
64
10
68
32
11
37
50
64
8
83
56
20
8
58
11
32
78
82
85
63
52
62
69
82
83
51
16
31
36
2
1
24
45
50
99
78
56
21
30
77
25
30
98
78
55
58
47
59