472
381
84
606
546
934
65
237
345
368
15
933
979
395
607
903
904
649
461
460
835
303
369
866
20
595
629
425
396
146
901
558
527
676
163
764
609
919
691
644
287
707
577
956
792
874
548
695
522
8
154
46
311
214
912
22
809
230
447
895
67
347
453
594
22
306
47
321
225
739
966
202
135
232
157
927
105
705
312
317
403
156
363
404
370
965
426
870
194
873
454
261
911
907
546
623
213
283
945
128
712
600
330
537
522
177
464
627
572
466
944
975
622
997
68
683
961
495
242
845
57
696
106
658
293
342
281
196
625
916
324
27
515
344
564
36
211
27
353
783
183
987
447
806
983
515
488
633
700
420
477
758
115
273
105
408
615
386
604
931
301
618
958
506
652
521
232
863
239
275
335
422
261
472
918
934
988
95
566
377
515
734
825
631
6
931
729
622
316
23
552
308
641
199
504
293
720
427
846
649
702
872
762
654
343
679
277
20
775
534
398
289
267
222
610
273
843
339
895
850
362
136
848
693
335
351
986
746
468
522
394
861
393
155
204
736
525
481
757
299
14
845
278
281
757
889
245
600
918
830
449
279
967
296
972
992
337
648
737
806
860
822
666
252
667
560
678
191
40
124
180
746
969
459
717
726
347
962
15
264
792
464
233
448
450
895
129
787
232
557
592
91
378
948
33
735
507
712
927
238
526
106
984
495
255
390
911
602
352
616
556
834
79
479
972
219
374
100
5
606
657
288
388
725
926
421
460
123
823
76
361
349
182
34
844
438
424
444
730
466
59
977
990
829
455
961
47
519
752
743
816
408
30
203
824
957
314
283
770
137
359
130
486
231
855
19
359
278
153
780
435
212
756
424
731
901
385
468
110
136
210
926
234
932
819
57
578
823
30
347
960
389
167
445
621
21
154
670
990
307
449
424
209
204
849
940
796
924
97
906
59
308
521
984
930
29
41
507
852
71
854
812
151
20
947
462
732
101
131
721
408
581
145
618
475
684
247
270
607
345
866
356
343
76
339
963
105
70
469
648
833
12
149
984
723
95
445
454
887
266
865
986
847
700
293
12
383
540
973
990
575
839
35
608
605
375
260
401
445
729
48
277
431
197
951
844
983
395
988
870
352
853
545
889
552
838
901
936
67
874
615
333
402
651
631
697
716
892
97
851
310
145
819
742
32
769
585
15
855
573
575
206
115
119
94
667
957
686
292
714
559
598
46
651
248
678
347
654
259
445
504
569
280
322
310
313
782
586
328
636
849
903
532
964
712
626
320
668
1
303
71
560
901
118
901
839
486
248
492
745
383
686
313
663
8
314
666
790
590
994
115
438
586
647
91
297
963
101
655
965
404
727
214
995
535
115
833
20
53
14
455
126
701
768
789
399
772
455
188
361
138
994
489
415
330
580
402
292
372
57
947
466
474
161
461
699
967
984
409
19
689
864
836
389
631
624
788
93
769
666
454
598
659
944
12
989
213
414
971
585
161
918
742
325
769
893
23
425
876
432
134
254
295
970
643
617
593
120
710
52
786
163
650
134
797
352
122
10
766
784
285
618
391
26
943
159
919
657
584
485
88
718
739
74
687
72
381
970
192
90
21
979
944
361
112
431
713
926
441
169
709
416
787
99
443
419
949
51
75
222
536
855
940
966
619
316
37
1000
285
229
780
998
207
413
48
10
844
452
936
975
621
334
391
97
123
524
206
71
575
282
293
802
827
923
767
445
238
494
134
213
723
914
901
621
326
950
631
861
91
256
525
712
590
916
499
403
129
705
474
705
677
457
506
503
379
963
638
617
456
772
520
869
375
421
489
392
60
119
252
151
65
777
553
345
383
742
748
512
446
221
907
814
678
102
6
747
64
645
53
210
106
574
79
482
685
568
874
435
378
816
586
133
282
829
479
665
570
226
868
706
138
774
519
506
877
526
253
631
170
306
532
276
570
611
448
254
869
321
689
937
136
965
70
419
483
239
774
52
465
641
759
603
105
277
109
672
803
52
993
663
358
524
630
929
825
77
873
694
89
562
320
916
216
80
334
700
319
799
752
785
129
200
77
234
168
877
596
971
929
589
324
978
112
644
906
938
411
778
321
500
29
331
416
246
412
440
946
731
238
387
205
368
588
974
292
756
850
889
416
469
167
430
446
279
73
351
907
485
819
918
675
849
249
90
785
661
221
420
81
459
807
978
517
84
951
500
530
800
78
637
959
245
66
404
214
831
445
812
5
955
729
370
493
668
151
277
18
372
697
100
521
193
77
729
969
718
228
498
207
997