838
956
100
975
273
135
795
891
741
373
906
899
179
465
756
666
274
409
806
470
677
906
565
406
968
608
741
322
627
361
784
154
316
885
819
589
710
304
479
141
677
74
730
546
540
485
212
504
584
708
664
951
303
919
47
270
527
478
592
844
839
66
998
155
641
816
434
350
810
604
181
176
678
912
723
908
86
935
411
361
642
766
1
945
684
48
906
210
526
497
744
365
253
741
210
894
247
644
935
56
247
115
233
616
717
646
523
494
580
935
545
912
700
546
546
73
595
451
975
811
639
718
175
892
149
75
786
396
720
410
142
657
215
65
272
623
711
796
116
981
420
661
892
810
206
128
573
491
579
547
302
217
265
167
109
104
243
585
500
653
995
332
1000
900
88
272
522
799
758
638
470
868
989
51
367
886
179
940
376
759
487
368
976
442
226
775
546
159
359
736
812
43
758
811
944
846
773
155
645
530
794
805
87
472
856
454
357
35
394
734
484
571
792
149
12
17
925
248
176
974
984
988
708
741
489
341
587
261
496
922
482
980
726
569
452
271
714
809
997
107
232
480
678
24
320
380
41
244
628
909
908
301
586
615
732
74
956
8
26
452
930
198
431
345
767
573
307
170
382
303
277
614
474
645
638
794
24
370
728
652
278
635
953
864
941
375
629
896
383
655
37
3
543
159
348
309
732
345
480
804
339
447
418
813
92
746
296
116
806
714
459
83
348
101
638
288
476
957
875
860
301
602
863
844
451
901
152
183
246
322
677
585
460
94
87
552
531
73
358
336
787
817
110
825
609
748
113
84
704
678
634
4
970
186
538
421
87
380
294
23
703
971
298
853
756
75
94
286
148
452
622
625
960
732
449
568
169
252
342
563
930
667
257
900
853
795
10
630
175
304
653
568
965
641
420
720
406
514
5
554
966
318
178
615
740
318
873
600
570
215
162
500
882
110
89
424
905
790
54
79
93
397
337
57
729
757
468
134
270
163
379
927
481
557
231
912
565
104
201
135
9
53
325
581
163
104
4
759
894
58
838
677
146
866
734
875
622
892
8
583
55
387
199
226
635
430
137
199
224
28
334
233
82
659
814
936
763
509
694
346
257
222
22
403
87
447
277
399
338
286
982
393
363
180
620
998
301
447
197
525
476
221
449
248
571
953
183
333
461
568
370
719
790
392
812
567
839
89
966
177
65
638
260
428
508
880
426
809
327
313
24
493
534
163
431
104
115
304
128
267
872
498
676
351
580
487
918
419
576
574
286
641
211
546
69
719
116
185
528
133
498
242
626
722
405
747
827
210
50
645
477
923
833
152
273
412
640
882
521
215
455
497
547
666
734
306
384
850
491
602
983
989
534
298
400
629
44
226
840
94
561
316
707
393
159
981
496
799
552
16
704
6
204
941
672
938
246
746
477
737
38
149
415
572
447
816
201
181
732
40
966
984
46
673
66
205
343
562
694
895
269
88
591
473
28
953
100
275
698
577
702
736
726
808
999
863
313
890
43
735
930
699
718
666
61
475
562
94
36
255
679
996
343
269
468
62
221
568
27
610
144
729
345
560
226
33
422
229
923
155
965
542
855
372
208
916
847
460
701
884
715
379
879
749
649
37
811
560
295
838
169
130
256
205
690
173
238
112
402
161
267
366
393
812
739
601
418
275
751
118
849
466
187
418
905
836
455
405
86
440
933
255
570
188
460
260
361
389
62
764
240
19
820
633
832
248
925
940
524
675
57
372
140
935
790
735
771
935
139
547
375
71
802
635
951
953
895
1
341
647
455
581
357
275
213
188
213
137
818
737
813
565
800
643
499
279
68
960
905
207
506
970
970
999
604
920
951
189
921
982
836
376
252
192
341
155
70
554
984
888
982
486
142
471
128
642
440
196
601
344
94
107
313
63
105
918
983
746
106
593
727
632
969
669
515
1000
824
585
554
807
163
225
292
305
696
111
947
826
998
238
170
91
345
173
154
140
781
827
886
577
420
302
209
78
971
414
78
484
689
322
291
852
547
583
848
933
384
484
758
382
722
618
473
757
792
318
587
262
835
162
840
945
154
739
714
124
152
792
299
841
804
590
383
40
863
921
973
247
94
420
629
507
729
792
263
520
800
541
472
635
703
311
269
858
740
983
672
892
464
971
423
267
560
496
307
113
416
970
360
510
80
679
16
809
160
971
18
961
511
490
285
213
492
554
70
231
537
433
814
0
403
927
959
654
422
265
767
838
926
817
37
5
185
54
504
345
715
522
996
225
11
280
128
193
525
890
425
61
322
929
752
725
855
710
68
276
666
835
804
591
341
841
286
526
585
480
562
299
1
557
214
703
528
33
897
52
923
11
804
935
940
555
349
484
265
418
760
621
943
253
902
284
93
187
500
369
357
752
358
358
1000
263
751
527
296
337
579
909
348
382
843
978
627
191
461
582
609
911
202
552
163
103
526
948
981
716
316
337
468
674
385
467
937
136
684
923
473
953
831
512
24
673
489
651
865
641
233
163
551
435
405
715
539
931
352
519
647
668
547
805
31
932
271
659
67
955
581
231
597
102
743
621
775
922
271
329
562
194
183
804
630
588
208
859
519
560
67
856
227
614
660
258
546
931
607
303
575
188
534
862
290
276
482
755
889
443
775
450
638
958
253
958
545
461
506
63
20
573
919
938
878
268
887
113
198
493
106
463
371
641
324
661
607
496
106
495
940
881
636
577
528
889
224
72
40
730
827
751
993
435
689
560
704
575
673
592
758
780
746
129
110
760
480
407
256
586
903
195
156
228
462
684
116
376
447
847
105
964
598
788
398
977
348
792
551
20
384
999
490
820
127
600
579
608
7
835
884
600
720
731
828
181
104
634
557
551
171
352
514
769
140
603
745
178
84
986
889
468
984
379
978
802
669
557
409
366
81
983
656
802
713
173
983
818
808
230
58
669
272
263
437
102
866
872
280
950
547
169
108
220
238
85
21
597
332
120
654
414
103
309
215
816
173
888
323
671
808
382
339
80
645
776
873
200
337
153
840
884
12
948
794
250
724
816
537
746
626
190
159
729
190
64
235
363
643
558
33
450
630
372
220
965
838
93
164
174
246
4
748
949
642
231
889
365
46
425
802
673
306
961
91
496
716
326
549
358
575
582
808
204
644
28
169
481
812
23
345
57
27
783
696
670
704
584
725
751
699
526
113
4
177
895
190
893
221
739
250
486
10
748
380
344
776
239
515
587
263
550
334
981
22
720
340
727
303
756
477
693
972
280
697
148
174
578
731
85
6
981
261
17
729
642
51
194
881
567
472
834
116
496
815
139
216
845
866
209
600
32
902
572
2
289
720
867
867
141
643
873
121
904
580
540
235
632
425
807
889
587
640
4
82
144
834
989
990
389
198
589
421
790
160
113
78
571
981
945
712
623
508
523
216
778
754
452
99
869
258
988
455
588
683
227
733
516
907
722
906
795
0
16
584
161
130
663
422
110
297
824
423
495
346
329
273
790
781
62
658
729
50
803
317
733
30
49
248
627
461
844
421
461
861
4
312
991
357
424
791
345
247
904
530
594
232
493
73
704
556
732
432
606
224
749
28
945
488
276
571
949
811
992
100
671
687
412
351
43
837
832
78
774
425
609
367
657
101
131
360
657
553
483
953
777
231
981
722
410
948
292
358
758
284
148
118
661
251
159
704
778
991
473
551
415
81
609
762
873
740
813
220
292
295
172
68
216
153
790
626
100
773
675
548
747
823
666
407
73
825
801
851
505
273
92
610
354
701
61
918
440
564
137
732
859
309
490
766
152
971
81
943
743
756
490
179
269
846
586
32
360
386
574
865
660
666
164
704
366
226
621
806
790
448
227
339
758
407
795
910
377
876
853
810
632
32
989
591
879
574
623
238
651
887
794
310
552
648
704
608
564
15
103
44
463
330
383
911
738
177
511
805
743
53
615
374
85
603
655
654
868
969
583
518
855
66
518
407
714
912
14
278
617
118
322
771
138
395
681
566
262
882
371
4
935
676
69
711
969
724
54
836
692
637
43
547
393
251
644
107
163
348
385
780
156
397
550
986
792
922
551
53
493
612
57
118
287
126
519
256
541
573
782
232
901
516
469
293
767
112
400
930
151
475
400
307
872
640
292
663
251
534
406
745
145
464
863
123
280
381
69
821
644
851
744
544
366
212
838
133
325
928
753
476
93
843
473
965
483
766
318
734
299
724
168
134
878
30
257
849
101
326
669
746
868
102
980
233
315
507
56
330
435
500
496
218
342
969
182
825
424
190
249
413
605
417
548
172
138
805
20
930
822
380
675
689
482
345
612
797
852
669
126
977
168
312
194
510
281
67
25
705
257
274
118
552
381
666
725
519
160
745
449
672
124
814
360
297
849
663
784
701
21
601
367
189
913
562
389
193
319
104
899
576
378
707
128
450
62
853
659
913
287
798
585
102
612
635
399
460
297
182
851
318
783
218
197
696
470
277
579
789
381
167
364
450
874
182
900
626
725
558
539
12
46
814
805
348
448
203
498
436
75
349
754
549
257
642
244
727
919
513
515
299
681
569
439
244
442
28
561
166
277
99
869
323
603
673
671
50
566
168
486
642
517
931
190
464
572
124
190
490
637
395
479
7
965
609
943
406
637
503
262
914
292
822
236
895
184
597
635
751
766
121
392
973
742
272
437
313
396
317
493
723
713
972
421
677
270
53
773
908
556
725
821
538
546
748
122
731
344
757
171
800
568
253
773
309
525
900
622
611
216
805
333
929
467
444
605
737
497
67
644
743
793
155
280
28
903
402
449
937
850
620
737
417
873
509
727
87
408
38
698
314
844
722
243
310
165
538
46
663
606
691
405
88
536
376
116
438
468
256
64
317
566
801
735
439
1000
151
216
97
189
915
412
32
636
655
32
801
192
79
153
488
460
249
576
996
315
383
123
783
329
187
100
895
679
525
23
678
676
240
466
865
154
878
588
790
222
620
280
104
389
124
593
539
373
859
534
688
932
347
160
260
225
260
155
904
785
178
271
150
418
737
15
572
304
293
51
526
913
22
631
993
146
914
531
209
772
65
897
704
102
56
654
327
7
809
921
482
678
192
633
95
619
338
358
924
631
99
139
233
121
460
225
958
373
757
166
836
512
753
229
614
810
883
632
507
382
552
989
59
434
311
845
744
649
202
357
970
993
186
203
113
647
428
71
710
184
928
545
696
681
774
0
180
347
632
687
729
874
365
788
999
367
632
432
15
525
479
676
517
665
879
320
1
306
81
712
181
9
256
877
380
721
567
560
758
889
937
486
453
301
964
141
668
285
573
374
810
51
49
16
406
618
27
408
924
108
119
104
808
65
672
187
476
238
747
233
127
683
409
580
675
372
411
32
658
984
96
157
725
836
865
130
453
892
228
377
690
37
171
188
103
843
375
269
81
813
503
899
185
912
168
860
975
579
583
322
252
679
479
977
515
33
797
968
615
716
34
305
753
206
493
856
48
558
125
820
370
318
408
246
920
266
796
894
845
378
215
787
57
385
453
262
418
941
229
724
656
264
28
408
470
211
955
208
459
770
719
520
778
126
766
697
393
561
591
928
940
496
715
687
571
167
949
680
107
868
403
453
822
121
862
982
332
506
190
481
966
909
0
743
725
766
439
117
17
720
736
957
907
450
643
477
307
281
156
105
148
559
558
971
680
109
952
702
615
832
183
270
430
183
12
155
640
452
963
657
862
698
613
768
838
946
245
836
917
401
941
64
651
188
725
330
298
367
32
603
198
215
874
629
88
886
474
728
27
436
384
580
825
687
347
352
322
282
187
238
684
127
994
334
6
408
354
304
775
386
597
664
291
470
983
70
46
456
798
764
582
873
343
96
249
381
449
572
663
636
500
36
454
183
60
460
282
415
454
747
491
50
410
473
211
82
543
948
228
340
711
811
903
745
597
152
816
45
414
478
372
604
205
826
478
265
976
760
680
429
506
862
479
607
334
380
379
877
327
608
907
729
108
810
473
705
652
288
751
756
456
122
359
661
638
837
617
613
286
987
41
483
848
210
89
181
591
468
57
608
766
965
336
874
464
499
579
806
477
19
561
934
832
920
284
469
447
901
81
733
888
813
906
425
713
995
607
994
153
354
602
919
8
628
793
472
127
61
968
294
771
528
918
602
448
202
70
585
793
842
7
370
344
914
796
56
598
92
741
751
446
32
360
455
660
843
617
477
594
585
772
364
112
379
966
250
581
726
525
64
257
533
124
601
136
920
347
734
11
87
175
148
810
535
293
470
67
910
637
661
184
98
24
988
478
990
237
58
405
453
813
662
986
938
953
812
547
299
545
249
77
720
397
887
945
690
46
11
289
684
672
474
782
696
461
259
375
388
8
470
531
511
131
516
448
83
17
686
73
563
935
841
973
21
727
918
401
464
619
690
147
982
854
619
367
4
569
743
83
577
212
614
87
34
821
226
808
838
602
881
400
226
721
63
247
138
671
338
602
289
27
439
270
572
748
638
576
316
70
349
893
973
964
671
6
784
587
815
311
188
385
712
414
106
465
351
935
135
689
226
114
406
665
385
978
412
713
244
729
473
593
311
445
556
672
142
29
258
647
341
446
31
743
550
828
207
591
452
32
279
678
146
376
32
221
43
135
934
287
864
406
571
865
542
126
537
684
847
795
330
878
932
51
620
171
880
517
763
21
239
732
700
385
107
732
607
151
867
230
128
420
327
699
285
869
516
512
242
52
997
572
930
928
313
239
790
883
756
552
905
685
283
604
69
81
25
366
923
893
597
50
2
924
440
978
792
956
489
33
7
486
295
627
103
298
866
893
181
311
134
85
996
108
379
64
189
404
431
802
987
718
542
990
641
982
967
122
627
146
846
324
322
831
951
425
128
816
8
309
126
142
84
121
250
463
877
129
558
998
621
544
715
163
223
45
835
881
858
462
26
703
476
348
223
427
463
351
933
471
351
750
304
435
561
244
589
127
374
146
124
685
380
529
848
604
574
683
484
121
835
510
824
0
548
737
427
10
88
50
482
439
490
786
564
50
29
152
178
93
298
993
779
679
522
316
973
786
689
456
908
213
656
421
214
894
158
331
904
937
381
75
375
561
551
939
612
271
91
480
54
79
472
523
448
684
840
110
470
218
256
67
432
912
488
646
495
336
667
399
272
739
164
337
299
716
276
911
987
57
390
40
827
553
564
275
236
93
75
396
311
332
463
433
934
642
769
429
978
436
828
941
174
992
277
473
397
553
74
383
300
154
114
127
707
368
92
634
461
167
29
462
189
183
896
123
825
354
552
492
790
69
432
964
751
400
127
148
643
201
221
944
355
335
761
753
703
543
386
854
400
105
6
590
288
592
713
803
946
264
986
426
23
107
79
774
507
206
922
150
407
143
93
453
168
544
205
562
86
281
105
176
76
111
766
55
703
168
858
339
122
533
765
145
641
844
920
147
741
531
297
838
364
80
290
533
624
185
785
400
156
890
577
233
1
32
288
394
892
836
733
13
369
187
850
9
722
459
156
462
990
144
299
44
224
280
577
539
465
51
629
622
941
896
545
942
929
833
26
510
668
449
523
36
637
372
736
48
521
583
510
511
727
499
245
641
779
512
179
935
563
499
246
503
394
791
445
12
623
161
522
981
610
45
708
937
107
443
985
319
25
494
830
752
994
765
83
462
276
953
396
839
451
642
341
846
432
476
858
745
637
380
416
247
115
123
183
913
566
859
231
592
352
751
33
35
515
116
498
791
69
894
629
210
226
971
55
348
446
604
93
774
984
199
711
789
322
894
701
888
752
623
169
795
373
894
830
579
9
17
369
769
912
689
980
137
659
725
485
795
328
268
258
1
467
969
480
789
553
872
367
304
494
226
789
557
119
309
135
129
326
195
588
928
884
257
755
232
673
240
717
0
198
976
693
356
944
172
835
496
43
201
491
227
118
970
785
237
278
610
56
295
495
645
222
68
592
978
300
264
908
708
956
796
373
648
151
6
510
987
503
244
878
684
471
996
343
946
233
312
556
980
607
50
314
519
119
907
496
109
861
93
507
816
890
880
153
731
887
354
717
79
598
285
453
68
971
796
14
894
107
260
874
714
0
187
233
810
784
419
610
645
513
116
150
92
997
995
823
573
348
230
652
636
515
104
394
175
590
98
69
698
358
943
101
49
820
24
859
604
444
158
939
647
275
779
739
962
773
251
534
811
171
876
136
686
670
531
862
259
629
621
957
988
563
749
727
382
773
585
676
216
434
614
553
709
83
982
360
856
233
894
357
404
459
493
781
128
23
332
387
653
953
34
330
205
473
56
277
245
331
954
152
765
257
705
163
340
687
523
887
610
106
243
704
565
426
174
383
140
506
771
793
148
495
813
353
968
559
631
212
580
274
364
35
531
760
198
872
446
412
758
746
518
691
449
774
116
624
156
256
820
617
739
659
802
551
11
769
800
332
672
380
606
726
415
137
175
303
8
311
715
456
56
924
146
196
387
262
510
543
209
329
851
948
988
652
189
690
111
989
21
783
368
318
198
473
455
374
777
153
685
181
299
432
104
445
628
491
397
137
725
606
156
265
554
835
917
743
214
718
731
926
500
790
243
389
262
388
453
38
541
137
220
840
259
14
975
887
196
372
714
611
978
871
876
221
395
482
964
609
200
385
534
390
865
778
779
126
165
922
856
397
750
766
927
8
470
902
896
666
964
299
967
631
169
842
853
564
14
506
863
214
581
397
604
445
865
73
572
29
995
117
116
744
573
734
443
42
325
28
709
288
327
365
919
497
207
461
751
221
968
614
125
548
701
729
994
565
492
255
284
177
62
91
611
635
825
53
677
149
81
75
127
409
441
736
596
338
197
346
249
855
650
374
402
40
793
85
295
976
30
580
152
92
671
763
417
185
817
94
334
588
860
151
997
991
887
592
18
774
629
267
628
969
331
30
700
124
806
995
99
837
574
942
619
935
704
36
119
210
821
143
799
370
985
485
361
872
768
379
645
86
337
273
745
668
994
444
792
489
439
581
325
703
522
635
328
917
671
137
126
181
281
615
551
265
100
602
827
558
982
162
644
8
125
388
676
809
523
158
297
652
739
313
354
952
948
682
868
308
510
684
489
791
299
730
746
89
332
263
647
3
425
981
11
550
368
687
358
581
845
345
232
274
658
277
916
605
649
473
913
158
156
401
949
145
822
385
234
153
648
881
156
763
551
167
312
920
544
360
190
79
705
423
43
363
700
959
968
348
431
571
507
277
662
145
423
483
530
657
636
868
228
482
630
779
339
632
388
884
992
579
653
387
692
696
750
81
344
407
429
775
978
626
742
640
772
164
122
992
512
449
550
740
931
179
208
270
502
287
844
493
556
496
570
247
191
319
328
225
417
447
1000
84
73
741
724
535
596
537
216
107
676
766
537
606
636
745
566
137
722
99
320
277
595
891
214
476
900
232
701
316
680
390
401
443
822
815
668
417
41
574
214
407
30
751
704
666
185
269
493
908
369
503
875
654
83
89
130
984
11
521
990
691
912
80
824
733
586
181
840
317
756
53
725
786
804
428
141
679
387
324
586
446
517
151
100
601
240
921
274
251
441
954
633
42
725
146
465
310
328
304
317
774
47
41
249
851
159
390
530
237
404
806
683
921
957
473
211
887
83
485
829
525
439
151
257
854
988
723
163
5
717
480
779
765
212
27
305
61
107
525
298
511
331
672
432
978
144
643
555
228
819
73
443
948
224
700
801
211
112
654
908
830
824
686
594
726
404
899
788
511
424
776
713
445
447
835
112
592
167
667
510
986
740
643
623
654
32
423
556
145
767
463
665
591
839
949
6
242
847
794
444
961
570
156
95
707
991
208
298
157
565
498
834
996
140
456
649
173
570
895
8
26
357
673
307
887
621
314
128
157
798
262
809
57
418
904
765
98
802
62
947
367
251
780
362
391
926
701
254
495
596
262
212
643
625
519
529
245
833
348
93
631
610
902
378
719
805
142
817
607
896
763
664
146
542
716
227
158
106
482
343
392
434
555
35
59
74
254
995
597
292
87
918
593
989
296
311
484
438
127
781
333
581
444
479
813
850
397
971
956
569
314
348
2
869
73
752
633
17
747
230
310
524
147
903
203
443
904
687
882
30
467
905
301
601
74
114
450
471
84
95
39
398
443
732
958
516
484
590
224
921
820
534
444
658
126
647
791
29
23
672
750
180
267
51
471
341
165
611
812
940
707
541
28
149
272
986
356
756
265
580
676
776
804
811
433
930
147
223
649
862
586
398
41
543
139
513
884
995
123
385
935
520
926
963
670
197
638
716
644
903
295
9
678
789
820
801
718
658
24
56
519
300
144
250
843
284
453
416
278
267
801
903
787
726
865
456
613
502
171
256
95
156
266
773
945
776
574
352
123
288
408
642
278
243
583
120
527
35
536
495
302
26
88
89
442
953
235
54
145
97
1
240
944
958
703
889
423
967
931
547
254
29
879
222
272
461
342
489
497
568
674
799
284
762
578
726
405
814
471
240
911
472
480
544
119
873
432
542
840
53
88
784
773
968
6
44
118
38
223
615
297
897
104
581
349
682
307
754
185
468
994
786
940
163
330
58
35
452
290
565
195
379
349
968
36
45
11
154
83
925
460
380
822
254
652
170
936
959
614
812
426
607
287
55
770
617
804
495
760
93
60
955
162
99
923
198
144
624
43
918
239
193
298
751
447
950
611
72
598
224
884
714
521
171
459
290
478
262
475
928
45
225
573
208
324
185
96
158
499
139
76
738
332
64
488
779
704
98
542
992
12
425
395
533
286
854
513
455
806
989
72
851
213
645
58
228
830
155
76
329
294
843
757
317
907
245
786
300
33
327
291
46
443
686
579
419
229
92
874
34
771
947
886
674
281
944
902
111
789
669
130
83
511
887
90
108
822
566
408
856
584
390
592
26
75
170
445
305
953
9
29
723
646
915
397
927
549
989
728
337
657
548
110
859
125
891
967
947
457
374
492
40
764
83
66
530
945
201
525
897
210
554
310
856
159
397
473
708
75
891
44
733
439
846
281
564
736
247
510
192
621
693
923
75
776
989
605
720
881
820
307
90
373
307
637
222
704
800
930
779
690
665
201
128
510
482
692
936
419
893
128
40
585
50
806
50
730
100
461
300
920
768
390
983
765
717
205
468
516
825
937
206
179
829
24
379
0
407
315
420
299
133
150
574
874
956
624
603
746
84
903
665
542
984
337
997
390
232
154
597
57
91
493
236
610
517
306
610
924
621
720
913
754
870
486
627
515
801
921
260
575
513
615
808
186
953
804
577
184
959
173
932
740
666
859
349
873
164
649
797
475
369
399
228
929
576
545
444
376
465
704
641
979
9
448
855
962
943
431
836
591
294
458
330
650
6
369
523
170
708
319
645
76
718
563
5
293
107
139
359
573
843
0
241
852
138
95
503
771
217
29
361
511
487
691
161
493
750
684
353
458
693
688
224
100
250
920
84
47
58
133
310
592
824
551
133
963
337
327
423
554
356
785
755
533
165
606
716
916
980
759
63
672
446
287
463
386
207
547
123
956
680
434
547
194
675
681
156
11
7
579
255
53
53
701
276
219
306
992
825
286
750
888
648
886
865
110
962
71
347
84
27
718
208
264
912
884
635
758
585
332
26
531
385
771
231
661
990
227
342
814
203
782
391
852
667
255
652
318
17
690
93
735
97
301
999
699
875
634
456
460
656
172
991
41
943
912
392
622
138
425
125
342
206
516
884
564
462
225
882
479
915
665
213
702
967
902
400
531
225
546
991
882
719
671
613
351
582
4
974
411
429
789
753
636
305
326
890
457
551
771
936
156
126
839
858
92
740
949
313
966
494
304
847
903
665
459
945
247
153
918
348
273
706
791
599
701
116
488
157
357
949
783
513
74
621
61
857
361
9
170
16
193
164
553
787
829
702
731
766
855
338
113
818
734
904
416
435
710
904
282
67
853
65
270
927
376
21
784
427
721
954
443
915
117
686
701
946
387
431
402
933
769
515
750
502
109
166
627
819
760
600
576
612
355
847
229
731
868
12
158
589
656
291
193
773
978
894
408
54
14
500
677
473
706
427
665
815
283
292
323
42
582
900
345
937
746
574
667
303
276
825
582
932
807
775
394
474
358
492
528
372
993
205
535
698
322
200
202
295
182
525
27
764
424
372
700
860
636
366
854
912
882
435
533
688
210
927
852
568
109
379
631
792
274
165
489
286
55
381
581
237
906
609
0
20
671
700
570
998
757
423
909
638
859
132
15
759
749
867
16
858
936
337
649
901
503
828
186
248
208
768
486
805
66
486
825
427
877
394
424
323
818
23
961
366
155
666
815
904
222
831
762
157
168
100
748
361
929
935
609
827
392
94
631
148
271
455
575
838
850
1000
160
357
22
811
723
868
476
537
771
388
57
532
235
916
323
984
276
251
918
576
77
1000
360
709
147
631
854
722
158
393
411
318
750
123
819
162
991
985
389
452
372
137
984
608
52
306
591
329
247
198
595
15
197
955
414
344
586
267
756
434
661
858
753
100
671
571
954
662
556
342
113
618
169
787
225
222
784
816
241
721
704
836
736
901
790
149
244
65
417
691
500
768
548
943
868
909
203
511
570
449
544
373
67
713
851
292
935
324
799
866
44
502
701
471
93
181
620
27
246
727
718
436
494
956
378
52
865
582
253
124
721
797
188
788
510
38
771
134
52
259
691
96
451
391
567
544
262
878
572
199
604
980
635
789
936
13
531
490
285
474
614
696
271
802
484
471
530
945
605
582
894
295
369
344
377
626
579
639
193
841
838
488
820
163
276
445
867
497
935
151
971
549
537
932
40
20
402
571
655
7
843
548
993
902
583
59
218
161
389
411
1
917
899
511
79
865
957
946
361
891
787
22
129
324
954
861
34
356
431
690
53
964
928
736
866
510
796
774
361
875
184
52
791
83
564
871
948
210
506
1000
791
984
712
611
307
665
471
341
711
592
721
454
555
339
881
110
539
366
884
901
240
68
643
30
842
897
591
479
106
788
478
588
771
189
198
77
545
669
108
946
260
520
90
815
549
971
616
87
26
189
988
266
257
631
987
789
527
268
268
324
55
436
912
826
316
109
593
551
468
391
186
728
601
276
232
149
937
538
237
963
728
915
919
675
235
906
464
763
864
422
777
919
858
378
434
173
177
717
724
645
798
911
62
89
877
294
238
814
523
165
466
250
80
385
925
315
981
78
768
844
500
234
452
358
612
886
221
789
292
946
123
89
546
185
178
422
170
107
926
693
272
82
943
42
467
557
48
137
636
816
671
135
741
122
493
352
698
715
832
990
350
955
769
586
140
948
7
0
745
624
693
16
706
325
750
863
882
798
1000
517
303
670
653
43
482
836
396
179
240
918
168
590
872
937
866
702
574
874
702
318
187
84
25
893
409
775
445
291
572
134
808
875
494
460
919
976
987
4
154
226
612
12
507
483
949
372
876
213
936
267
531
122
352
556
705
451
20
149
742
592
283
240
157
777
390
766
442
376
460
596
603
71
608
800
244
247
171
119
460
798
387
681
920
429
237
315
880
257
464
312
540
438
552
387
905
942
152
347
318
612
633
611
373
932
100
617
178
271
737
328
759
814
8
679
933
936
994
502
884
147
814
423
585
365
810
180
998
652
527
5
954
159
616
326
90
716
943
959
677
679
286
126
182
986
805
114
921
488
307
804
325
120
917
601
176
416
781
173
67
307
178
20
156
484
346
938
890
980
586
256
658
563
382
531
548
877
335
468
54
642
272
380
453
879
981
629
295
761
492
362
758
360
73
604
534
109
541
113
88
127
59
437
690
442
968
237
8
993
395
63
635
357
133
778
236
804
406
531
564
588
583
11
638
656
615
171
766
156
975
854
974
33
290
353
165
948
280
174
941
675
928
265
723
60
42
959
864
138
179
117
416
762
128
53
108
743
915
564
589
889
107
252
922
88
605
87
35
885
952
666
250
879
931
973
629
973
931
182
801
800
990
216
251
808
269
359
240
874
923
520
762
721
772
374
809
377
151
844
952
102
510
201
671
130
173
990
794
794
862
594
283
851
811
535
348
770
894
588
644
507
107
95
227
880
469
35
947
310
569
898
412
769
790
773
900
653
452
693
137
313
286
420
854
787
955
201
247
539
790
581
736
897
676
653
466
836
378
412
836
947
0
248
406
790
711
305
442
163
998
579
166
974
1000
20
451
644
221
388
182
10
969
608
598
334
260
754
860
638
166
696
275
166
634
681
956
344
676
397
197
363
667
364
336
666
384
477
309
295
865
182
306
833
790
594
167
50
347
717
378
203
412
343
369
45
23
14
390
699
102
277
752
769
641
88
124
715
255
433
10
120
305
6
643
95
600
500
836
637
217
213
841
629
557
900
675
270
915
755
660
707
722
411
475
363
189
289
768
445
722
778
255
718
784
588
813
73
88
648
401
996
551
241
624
798
140
989
68
745
433
728
451
155
829
616
208
18
905
976
153
317
754
408
725
227
996
537
992
774
875
392
769
115
323
83
914
153
71
982
589
195
399
39
350
918
346
558
936
941
223
779
948
667
877
672
585
563
899
576
336
463
658
105
579
671
879
492
824
640
163
412
835
252
142
875
169
178
432
796
809
346
574
757
12
451
118
597
13
708
863
39
170
520
835
749
190
713
240
705
353
93
807
878
345
639
753
515
817
875
0
626
220
264
72
233
715
881
830
418
588
693
458
759
903
983
197
784
696
128
178
739
221
985
616
567
624
368
772
130
243
462
446
153
726
208
386
131
89
907
549
367
289
697
816
882
680
13
665
65
141
533
804
362
518
419
619
832
478
80
652
411
232
98
564
959
997
641
89
85
237
328
143
216
716
959
97
395
662
453
150
803
986
954
856
193
62
164
715
540
936
367
641
167
155
205
816
151
536
595
928
463
924
761
679
639
409
466
724
71
609
874
874
595
827
419
478
579
274
884
119
209
941
760
66
786
655
883
627
881
477
244
343
90
4
712
729
414
178
142
485
477
15
48
71
532
158
240
111
432
814
921
331
754
370
397
539
716
970
165
596
137
410
630
918
104
31
337
518
900
479
693
377
495
742
138
717
900
68
828
21
882
748
352
635
118
439
864
834
99
720
119
927
820
439
844
924
471
180
132
370
350
825
437
845
256
576
251
846
644
79
867
526
517
218
851
635
658
405
158
447
815
969
373
634
407
216
247
568
87
69
629
437
585
65
972
841
641
222
377
976
301
243
191
819
152
732
143
500
136
993
947
951
961
319
274
367
225
212
626
312
972
254
749
556
319
410
87
651
633
464
626
624
707
817
442
859
238
276
358
375
268
995
15
919
313
981
976
539
883
601
541
854
855
290
100
174
390
187
825
22
651
140
647
47
647
779
597
885
745
645
950
703
640
656
621
953
636
597
181
518
888
723
61
743
703
161
917
92
348
431
806
689
261
142
427
908
921
23
482
666
668
432
58
998
87
680
641
723
967
822
931
854
234
682
596
627
844
202
410
882
323
215
571
584
357
998
181
968
711
664
323
378
95
382
376
873
61
707
285
718
528
906
571
453
587
858
79
430
59
489
312
73
394
573
347
751
570
529
719
280
192
41
348
978
113
414
850
174
120
825
892
339
730
153
792
316
10
561
747
760
741
749
523
134
321
871
576
581
399
294
551
281
25
589
949
139
3
488
3
814
312
586
843
41
429
324
47
439
886
794
889
626
232
412
450
243
282
25
824
371
9
64
342
35
654
290
865
347
778
558
160
780
834
694
821
262
17
558
391
903
352
280
218
274
382
669
518
354
384
31
415
394
96
757
429
750
46
984
96
514
541
947
293
65
640
804
327
348
361
719
250
403
689
159
368
70
518
886
114
902
607
529
295
703
976
414
142
21
397
238
225
629
876
208
694
205
702
711
553
753
429
494
847
808
343
214
568
861
790
682
762
396
901
748
99
876
161
241
587
249
170
502
568
736
710
952
941
101
662
184
855
782
678
701
589
20
915
848
571
394
529
332
790
120
770
579
996
932
821
583
180
681
84
438
416
485
389
46
586
50
921
130
522
288
831
802
308
435
649
569
829
868
592
619
988
361
888
674
292
708
947
162
78
721
600
184
205
989
231
482
730
842
612
251
130
443
743
438
568
391
698
397
950
289
706
937
650
593
300
633
992
246
795
760
968
395
945
172
73
866
654
493
707
957
745
837
89
177
966
657
569
663
53
518
642
449
144
291
733
445
924
414
691
409
173
658
804
808
521
567
673
865
60
70
821
495
597
910
672
252
257
931
915
0
448
246
450
283
538
873
418
151
286
799
560
149
147
53
648
668
621
10
222
681
80
734
866
368
333
537
620
590
468
535
591
606
781
731
579
8
603
997
160
579
796
410
418
943
464
65
300
84
76
212
455
847
946
320
214
279
547
835
559
14
59
149
311
530
570
890
539
863
577
389
441
62
799
550
695
262
615
995
36
381
206
491
919
843
501
132
812
48
967
370
753
716
210
754
246
780
334
475
643
911
554
774
973
42
323
667
305
629
351
31
700
247
213
618
89
404
751
901
142
407
962
896
814
171
339
750
641
673
224
974
583
468
748
245
510
761
602
505
79
953
537
470
200
440
87
980
844
528
571
987
626
532
572
129
393
911
879
33
584
793
7
857
260
445
102
770
896
704
966
666
347
192
135
237
632
913
216
475
131
477
151
757
699
723
576
91
634
454
816
908
246
513
764
506
648
556
966
543
951
931
899
297
122
33
534
754
637
440
920
768
918
70
214
616
484
790
398
808
243
213
715
489
726
168
685
373
725
650
606
675
271
505
662
393
228
886
838
865
325
447
322
933
207
536
239
691
325
637
188
258
540
593
437
956
762
121
18
176
462
624
541
733
819
893
816
738
778
343
292
102
790
615
726
998
150
655
378
166
291
567
424
521
159
552
476
611
673
494
477
825
808
708
247
317
600
754
54
377
96
346
170
577
961
586
574
802
240
642
968
531
208
81
742
58
633
217
359
997
401
837
511
208
544
759
525
144
512
269
211
298
306
381
875
266
657
138
758
897
781
415
117
679
497
859
737
820
75
96
506
476
623
17
375
166
466
590
0
978
860
212
966
165
283
841
121
941
979
880
837
759
985
955
438
481
813
865
992
579
651
497
745
273
204
119
130
670
710
130
337
259
32
303
114
316
143
235
947
812
805
783
571
790
427
699
961
931
253
642
199
595
139
944
868
33
754
998
704
463
819
731
412
851
33
526
166
867
451
112
679
947
586
940
736
703
328
386
323
271
28
522
866
858
466
734
891
910
421
284
62
239
15
474
90
48
1000
947
606
140
750
284
86
25
914
512
728
241
899
742
512
927
263
378
474
419
802
364
328
222
339
390
152
354
554
242
92
243
879
698
384
628
672
470
343
585
983
762
516
881
503
719
497
766
96
661
185
588
715
203
810
53
284
962
97
838
894
190
81
773
578
465
90
941
935
434
525
607
886
732
177
388
450
364
153
236
24
28
824
740
923
633
483
206
285
581
43
178
461
124
641
38
589
422
979
214
856
194
821
741
926
689
819
65
52
972
301
768
691
124
197
613
757
680
819
732
951
552
911
411
677
241
140
956
663
809
169
208
2
681
639
618
369
457
683
111
119
984
569
810
107
766
112
555
136
621
286
86
172
887
188
539
128
328
495
791
136
354
690
830
34
328
447
93
786
821
896
905
804
464
404
602
921
206
847
56
517
823
833
379
710
20
919
528
348
413
8
485
767
698
4
492
26
451
585
812
271
170
406
766
635
500
57
245
706
904
301
222
416
133
601
125
154
209
343
192
312
352
367
79
49
371
261
766
823
536
267
784
707
673
239
31
863
987
276
258
890
267
480
997
90
772
121
935
671
155
127
984
507
494
753
246
866
13
12
378
239
970
161
946
643
91
667
195
77
943
454
658
900
624
654
991
85
465
925
757
620
742
740
126
236
492
63
792
195
75
169
434
44
20
70
377
111
737
263
880
370
717
537
269
340
881
950
426
345
565
873
966
306
612
782
232
794
845
23
679
610
192
803
345
904
873
412
14
610
675
584
670
81
120
629
422
691
579
538
36
143
410
692
139
712
473
372
195
8
395
874
618
278
676
653
181
239
65
886
849
430
470
208
512
280
837
624
972
415
852
7
248
261
699
388
663
862
760
858
870
845
421
178
122
787
521
994
25
586
880
564
707
349
772
218
629
609
532
290
23
383
297
963
334
686
350
997
238
800
544
798
334
965
976
457
441
497
450
467
773
19
30
169
368
803
77
688
411
609
978
124
992
966
86
325
341
126
11
269
616
245
67
951
209
733
97
651
229
237
808
693
257
838
862
625
330
940
2
431
238
671
556
230
326
332
245
357
459
948
627
74
192
694
24
92
426
121
433
346
359
240
729
306
768
590
621
98
219
624
529
458
985
775
378
310
107
313
357
256
260
984
20
143
367
736
235
484
857
668
830
906
598
558
902
365
838
523
153
748
837
373
896
821
147
273
821
945
586
177
891
537
852
912
680
909
647
605
392
193
963
912
790
560
469
691
615
998
213
769
435
49
141
330
560
979
603
380
614
879
248
504
105
99
105
785
7
752
79
90
946
41
1
425
601
161
115
907
158
19
675
593
68
506
613
629
174
215
699
478
784
947
983
890
736
87
364
434
530
444
524
165
485
525
590
777
686
705
683
534
724
47
817
483
243
429
802
417
334
500
586
118
137
568
698
563
345
61
997
565
195
210
730
681
736
319
147
111
715
520
336
128
567
152
611
500
582
102
607
606
293
192
724
430
450
421
683
796
173
680
360
368
890
781
739
315
99
886
117
814
95
453
633
352
605
243
852
877
36
459
173
329
651
897
449
101
8
131
587
872
501
637
239
81
417
979
86
207
554
203
711
650
656
343
1
952
277
854
518
313
2
691
642
343
278
781
134
977
602
721
848
103
48
86
184
155
755
270
362
309
164
73
959
820
416
650
461
693
503
980
696
195
360
27
539
638
808
673
614
410
84
151
203
132
238
387
287
993
347
650
301
511
413
950
21
829
600
482
212
793
151
598
679
512
626
217
840
433
890
144
533
664
295
736
796
223
813
774
216
851
113
207
361
526
848
72
44
137
245
947
620
86
545
298
288
170
515
128
293
95
963
827
759
257
252
245
481
756
18
387
606
131
594
657
347
131
730
391
268
665
338
889
751
883
186
39
743
392
167
35
487
129
552
936
76
495
180
557
250
889
944
856
19
228
512
366
359
932
448
318
596
786
206
347
358
392
386
100
784
243
826
961
62
68
897
138
563
767
386
813
656
19
358
365
938
560
732
988
492
870
305
87
655
511
124
703
593
200
493
67
443
318
718
195
76
614
24
639
71
410
141
727
119
189
91
57
750
513
735
241
72
39
18
727
240
834
119
833
33
612
590
167
621
308
362
697
922
386
26
683
486
858
409
296
47
191
353
797
394
778
728
467
817
436
884
56
269
3
889
303
305
169
470
616
477
832
313
398
909
29
81
84
887
180
380
624
61
733
420
146
200
147
613
16
274
186
72
543
880
652
846
185
821
5
491
297
528
804
385
436
523
156
520
100
27
901
724
88
323
144
925
524
982
227
230
255
414
994
799
293
335
334
168
155
340
660
142
558
153
217
994
367
64
203
467
91
794
190
870
808
334
795
21
6
21
251
952
125
935
440
109
269
775
968
424
805
627
256
362
471
164
45
838
228
939
304
9
733
184
879
230
209
363
251
215
75
192
166
891
818
297
1000
86
71
968
201
566
284
457
618
755
621
663
282
539
601
276
548
23
461
117
253
670
170
194
885
245
77
741
136
895
728
826
981
799
793
872
54
77
329
672
522
640
24
805
870
626
771
417
339
231
534
283
901
395
477
475
640
244
907
466
829
634
292
500
123
775
371
868
542
390
540
64
721
564
559
590
880
329
6
219
251
231
502
151
626
669
317
956
604
914
112
432
237
94
932
360
869
994
919
411
383
458
165
103
712
724
693
282
743
390
501
994
311
693
836
627
51
152
272
655
756
384
87
993
168
709
43
37
702
962
138
85
109
303
879
821
26
262
793
769
652
293
453
653
676
288
970
728
130
241
382
886
316
159
568
484
869
611
211
260
262
349
35
371
652
915
883
368
867
675
828
208
659
280
861
334
568
830
752
388
761
825
273
76
984
531
251
542
142
462
803
404
812
838
466
153
442
348
522
308
22
349
516
371
319
66
706
577
896
147
965
347
972
928
423
956
458
364
497
290
827
990
695
328
828
851
481
960
198
2
268
911
41
474
282
360
541
678
937
126
825
591
473
797
518
587
442
977
951
939
266
467
619
651
795
446
501
276
95
389
969
363
300
701
528
272
60
68
950
688
194
464
969
358
260
487
945
392
153
585
21
109
52
640
451
847
776
642
813
871
31
472
925
21
172
452
293
232
520
242
610
404
396
579
762
347
756
706
739
909
291
760
708
33
399
158
570
174
801
383
736
522
855
660
543
26
111
836
949
631
768
249
725
163
828
487
510
273
883
940
872
173
699
579
897
789
428
467
653
919
850
388
440
394
738
983
420
849
508
58
169
275
307
895
128
134
381
639
97
263
268
969
127
967
548
23
445
976
180
98
584
29
176
23
423
915
5
533
763
513
592
623
478
899
517
606
724
588
935
821
541
202
480
358
860
27
382
304
693
562
402
276
282
579
990
395
183
995
929
946
197
210
568
675
799
775
971
212
362
906
724
594
798
203
952
657
921
23
962
303
276
363
269
558
632
258
643
815
943
261
451
139
471
709
504
961
484
474
172
536
69
586
820
868
789
772
524
709
795
485
11
761
539
971
318
861
228
652
676
170
913
817
309
74
525
503
725
699
668
897
926
737
173
745
604
962
516
819
361
1
994
62
762
532
33
771
83
261
422
759
122
24
265
121
98
790
625
513
179
292
410
104
28
273
849
323
234
365
141
595
56
134
348
818
357
381
588
440
332
700
889
454
725
844
576
513
633
200
26
502
182
126
606
210
399
145
223
633
200
54
919
256
880
266
73
236
337
352
366
669
51
945
123
466
788
699
980
110
589
5
613
771
822
909
671
220
53
585
543
253
639
151
509
518
417
273
444
444
625
500
113
366
444
927
523
231
315
502
32
904
197
645
364
18
553
725
929
607
309
471
860
949
623
59
156
730
332
601
174
647
100
978
703
545
904
225
466
218
727
498
812
614
833
866
322
386
590
250
683
900
412
232
538
725
982
694
454
313
294
318
650
85
295
353
320
889
578
786
106
996
975
608
609
807
473
932
883
63
872
255
653
283
178
190
698
159
574
843
473
559
160
122
644
146
165
964
725
744
439
522
739
413
129
347
911
603
969
483
356
841
739
699
814
917
579
512
75
152
44
238
711
895
51
44
40
216
7
456
960
137
978
388
240
106
426
150
399
394
634
445
925
62
143
429
669
722
631
434
565
675
673
966
569
414
10
300
320
708
756
280
845
733
358
85
529
784
926
929
178
249
63
793
311
207
221
670
619
852
104
874
526
467
840
786
571
850
85
891
557
841
861
92
263
219
868
792
2
793
410
871
42
164
354
43
61
575
404
680
117
508
244
333
665
83
118
235
623
203
125
870
734
987
962
687
896
829
169
588
312
269
459
354
433
503
87
494
77
491
865
885
689
108
218
353
191
336
278
504
230
404
373
654
80
25
31
976
854
200
563
165
469
712
209
593
214
988
86
983
168
641
867
858
749
775
901
630
802
179
133
722
273
197
375
353
222
96
18
766
296
271
622
456
674
521
739
578
508
825
560
677
156
117
224
595
582
124
916
383
303
739
104
266
936
170
619
157
266
327
614
253
599
235
399
963
756
137
540
264
652
791
631
808
598
855
403
179
669
318
253
663
56
47
929
683
908
238
530
174
565
143
117
854
378
516
816
134
653
46
88
304
837
409
803
124
263
896
994
622
904
246
284
960
294
213
332
201
451
863
65
706
5
873
250
384
388
65
208
731
802
296
726
328
705
218
452
658
113
446
279
16
382
254
666
676
467
999
568
608
861
323
3
866
196
253
940
274
9
147
5
811
133
421
139
528
639
281
185
752
727
155
768
800
409
433
165
566
121
733
173
982
56
176
538
943
430
167
216
129
5
912
940
138
332
769
357
971
50
232
722
467
387
179
266
486
303
432
51
424
855
915
96
601
782
324
543
902
181
450
30
186
361
970
15
694
429
372
354
479
604
767
636
682
946
903
858
939
24
910
53
879
514
840
170
295
163
403
196
344
853
917
221
214
887
236
598
5
298
952
484
592
718
119
273
354
712
131
292
426
731
345
996
244
184
165
230
37
568
426
72
111
343
293
325
920
529
613
925
517
564
98
108
973
908
72
326
310
203
618
736
624
654
421
868
838
586
788
566
845
214
638
956
247
931
971
857
149
273
471
666
837
259
774
809
166
846
825
166
739
443
903
52
96
323
611
624
600
398
189
134
612
517
780
549
447
440
95
286
713
256
952
239
515
416
739
372
952
563
538
691
696
130
743
482
144
353
797
434
752
676
568
53
193
37
293
640
477
78
617
880
335
568
809
850
984
547
221
936
801
450
316
186
580
749
669
414
793
465
848
234
140
105
978
333
142
270
664
309
349
280
188
684
538