1
5
5
6
6
8
8
10
10
12
12
12
14
14
15
15
15
18
19
19
20
20
20
20
21
21
22
22
23
23
26
27
27
29
29
30
30
32
33
34
35
36
37
40
41
46
46
47
47
48
48
51
52
52
52
53
53
57
57
57
59
59
60
64
65
65
66
67
67
68
70
70
71
71
71
72
73
74
75
76
76
77
77
77
78
79
79
80
81
84
84
88
89
90
90
91
91
91
93
94
95
95
97
97
97
99
100
100
101
101
102
105
105
105
105
106
106
106
109
110
112
112
115
115
115
115
118
119
119
120
122
123
123
124
126
128
129
129
129
130
131
133
134
134
134
135
136
136
136
137
138
138
145
145
146
149
151
151
151
153
154
154
155
156
157
159
161
161
163
163
167
167
168
169
170
177
180
182
183
188
191
192
193
194
196
197
199
200
202
203
204
204
205
206
206
207
207
209
210
210
211
212
213
213
213
214
214
214
216
219
221
221
222
222
225
226
228
229
230
231
232
232
232
233
234
234
237
238
238
238
239
239
242
245
245
246
247
248
248
249
252
252
253
254
254
255
256
259
260
261
261
264
266
267
270
273
273
275
276
277
277
277
277
278
278
279
279
280
281
281
282
282
283
283
285
285
287
288
289
292
292
292
293
293
293
293
295
296
297
299
301
303
303
306
306
307
308
308
310
310
311
312
313
313
314
314
316
316
317
319
320
320
321
321
321
322
324
324
325
326
328
330
330
331
333
334
334
335
335
337
339
339
342
343
343
344
345
345
345
347
347
347
347
349
351
351
352
352
352
353
356
358
359
359
361
361
361
362
363
368
368
369
370
370
372
372
374
375
375
377
378
378
379
381
381
383
383
383
385
386
387
388
389
389
390
391
391
392
393
394
395
395
396
398
399
401
402
402
403
403
404
404
404
408
408
408
409
411
412
413
414
415
416
416
416
419
419
420
420
421
421
422
424
424
424
425
425
426
427
430
431
431
432
435
435
438
438
440
441
443
444
445
445
445
445
445
445
446
446
447
447
448
448
449
449
450
452
453
454
454
454
455
455
455
456
457
459
459
460
460
461
461
462
464
464
465
466
466
466
468
468
469
469
472
472
474
474
475
477
479
479
481
482
483
485
485
486
486
488
489
489
492
493
494
495
495
498
499
500
500
503
504
504
506
506
506
507
507
512
515
515
515
517
519
519
520
521
521
521
522
522
522
524
524
525
525
526
526
527
530
532
532
534
535
536
537
540
545
546
546
548
552
552
553
556
557
558
559
560
560
562
564
566
568
569
570
570
572
573
574
575
575
575
577
578
580
581
584
585
585
586
586
586
588
589
590
590
592
593
594
595
596
598
598
600
600
602
603
604
605
606
606
607
607
608
609
610
611
615
615
616
617
617
618
618
618
619
621
621
621
622
622
623
624
625
626
627
629
630
631
631
631
631
631
633
636
637
638
641
641
643
644
644
645
647
648
648
649
649
650
651
651
652
654
654
655
657
657
658
659
661
663
663
665
666
666
666
667
667
668
668
670
672
675
676
677
678
678
678
679
683
684
685
686
686
687
689
689
691
693
694
695
696
697
697
699
700
700
700
701
702
705
705
705
706
707
709
710
712
712
712
712
713
714
716
717
718
718
720
721
723
723
725
726
727
729
729
729
729
730
731
731
732
734
735
736
737
739
739
742
742
742
743
745
746
746
747
748
752
752
756
756
757
757
758
759
762
764
766
767
768
769
769
769
770
772
772
774
774
775
777
778
780
780
782
783
784
785
785
786
787
787
788
789
790
792
792
796
797
799
800
802
803
806
806
807
809
812
812
814
816
816
819
819
819
822
823
823
824
825
825
827
829
829
830
831
833
833
834
835
836
838
839
839
843
844
844
844
845
845
846
847
848
849
849
849
850
850
851
852
853
854
855
855
855
860
861
861
863
864
865
866
866
868
869
869
870
870
872
873
873
874
874
874
876
877
877
887
889
889
889
892
893
895
895
895
901
901
901
901
901
901
903
903
904
906
906
907
907
907
911
911
912
914
916
916
916
918
918
918
918
919
919
923
924
926
926
926
927
927
929
929
930
931
931
932
933
934
934
936
936
937
938
940
940
943
944
944
944
945
946
947
947
948
949
950
951
951
955
956
957
957
958
959
960
961
961
962
963
963
963
964
965
965
965
966
966
967
967
969
969
970
970
971
971
972
972
973
974
975
975
977
978
978
979
979
983
983
984
984
984
984
986
986
987
988
988
989
990
990
990
992
993
994
994
995
997
997
998
1000